0 0.21308016877637131 0.7240740740740741 0.27848101265822783 0.4777777777777778
0 0.4831223628691983 0.7148148148148148 0.2616033755274262 0.4740740740740741
0 0.7415611814345991 0.6944444444444444 0.25949367088607594 0.46296296296296297
0 0.9345991561181435 0.6907407407407408 0.1308016877637131 0.43333333333333335
0 0.12658227848101267 0.37222222222222223 0.2489451476793249 0.3814814814814815
0 0.3670886075949367 0.3648148148148148 0.22784810126582278 0.3814814814814815
0 0.5991561181434599 0.3351851851851852 0.22362869198312235 0.3814814814814815
0 0.8291139240506329 0.3388888888888889 0.2109704641350211 0.36666666666666664
0 0.880801687763713 0.11481481481481481 0.20042194092827004 0.21481481481481482
0 0.6856540084388185 0.11296296296296296 0.20675105485232068 0.21851851851851853
0 0.48417721518987344 0.11851851851851852 0.20042194092827004 0.22962962962962963
0 0.27637130801687765 0.13333333333333333 0.21940928270042195 0.25925925925925924
0 0.09282700421940929 0.12222222222222222 0.18143459915611815 0.22962962962962963
0 0.04008438818565401 0.7129629629629629 0.0759493670886076 0.37407407407407406