0 0.7291666666666666 0.35108695652173916 0.5416666666666666 0.4891304347826087
0 0.5666666666666667 0.6489130434782608 0.10555555555555556 0.09782608695652174
0 0.675 0.6489130434782608 0.10555555555555556 0.09782608695652174
0 0.7861111111111111 0.6489130434782608 0.10555555555555556 0.09782608695652174
0 0.8972222222222223 0.6489130434782608 0.10555555555555556 0.09782608695652174
0 0.5638888888888889 0.7445652173913043 0.10555555555555556 0.09782608695652174
0 0.6777777777777778 0.7445652173913043 0.10555555555555556 0.09782608695652174
0 0.7888888888888889 0.7445652173913043 0.10555555555555556 0.09782608695652174
0 0.8972222222222223 0.7467391304347826 0.10555555555555556 0.09782608695652174
0 0.5666666666666667 0.8402173913043478 0.10555555555555556 0.09782608695652174
0 0.6777777777777778 0.842391304347826 0.10555555555555556 0.09782608695652174
0 0.7888888888888889 0.842391304347826 0.10555555555555556 0.09782608695652174
0 0.8972222222222223 0.842391304347826 0.10555555555555556 0.09782608695652174
0 0.2013888888888889 0.6554347826086957 0.3972222222222222 0.08478260869565217
0 0.20555555555555555 0.7489130434782608 0.4 0.08478260869565217
0 0.20416666666666666 0.841304347826087 0.4027777777777778 0.08695652173913043
1 0.09027777777777778 0.33152173913043476 0.16944444444444445 0.18478260869565216
1 0.2722222222222222 0.24456521739130435 0.34444444444444444 0.28043478260869564
1 0.24305555555555555 0.4902173913043478 0.3861111111111111 0.24565217391304348